9059
9061
9078
9066
9075
9080
9100
9095
9103
9097
9116
9107
9114
9120
9132
9145
9149
9162
9174
9179
9198
9212
9213
9206
9197
9187
9194
9185
9168
9154
9146
9157
9176
9181
9163
9161
9143
9139
9141
9159
9171
9178
9167
9160
9140
9127
9111
9110
9117
9102
9098
9083
9096
9084
9101
9109
9090
9108
9123
9112
9094
9076
9073
9089
9106
9088
9069
9062
9065
9074
9087
9071
9053
9039
9081
9113
9125
9126
9144
9124
9118
9129
9122
9136
9156
9147
9164
9151
9165
9173
9166
9175
9155
9158
9142
9137
9152
9169
9170
9186
9182
9195
9211
9209
9214
9229
9237
9215
9231
9248
9235
9219
9222
9220
9230
9216
9224
9242
9228
9210
9204
9202
9203
9199
9192
9188
9190
9205
9223
9208
9217
9226
9221
9244
9260
9245
9258
9251
9262
9246
9266
9259
9272
9286
9288
9297
9278
9293
9298
9304
9289
9284
9265
9287
9277
9279
9305
9308
9296
9310
9270
9285
9282
9300
9350
9375
9422
9406
9453
9470
9471
9477
9467
9460
9478
9486
9492
9517
9513
9554
9426
9423
9363
9269
9264
9227
9207
9184
9196
9189
9201
9193
9200
9183
9177
9172
9135
9134
9148
9130
9131
9150
9138
9121
9115
9133
9153
9128
9119
9180
9191
9306
9233
9290
9225
9234
9091
9099
10075
92330
92333
92323
92315
92297
92290
92304
92298
92295
92292
92310
92309
92303
92294
92311
92317
92307
92322
92327
92347
92357
92374
92363
92344
92359
92351
92341
92352
92371
92377
92379
92382
92378
92393
92403
92414
92420
92433
92448
92430
92445
92432
92426
92435
92425
92409
92401
92423
92442
92457
92464
92466
92480
92461
92474
92475
92471
92465
92463
92450
92434
92444
92451
92443
92462
92447
92441
92427
92440
92419
92415
92398
92408
92421
92407
92411
92405
92413
92429
92410
92402
92392
92389
92372
92384
92396
92417
92418
92416
92422
92436
92454
92458
92476
92460
92469
92482
92497
92509
92511
92505
92501
92519
92534
92524
92508
92525
92510
92530
92549
92568
92571
92552
92562
92547
92563
92566
92564
92550
92558
92559
92555
92553
92560
92540
92529
92539
92537
92520
92526
92517
92503
92496
92481
92494
92513
92531
92548
92556
92554
92544
92533
92542
92527
92536
92532
92523
92541
92557
92561
92574
92573
92578
92581
92584
92601
92598
92605
92592
92610
92594
92599
92616
92634
92648
92635
92619
92628
92611
92618
92623
92621
92606
92586
92589
92597
92596
92602
92595
92585
92579
92583
92575
92590
92591
92580
92582
92588
92603
92620
92609
92625
92637
92642
92656
92651
92632
92649
92669
92653
92665
92654
92671
92678
92696
92706
92694
92707
92691
92709
92726
92716
92703
92693
92680
92690
92700
92713
92712
92721
92722
92708
92715
92711
92720
92718
92699
92684
92685
92682
92676
92666
92673
92672
92670
92652
92664
92645
92639
92647
92655
92644
92640
92629
92622
92626
92643
92658
92663
92679
92683
92681
92698
92674
92692
92701
92695
92689
92661
92638
92627
92614
92636
92615
92612
92630
92608
92613
92604
92631
92641
92657
92668
92677
92697
92719
92717
92734
92724
92730
92723
92727
92733
92752
92757
92749
92751
92761
92775
92762
92743
92738
92754
92767
92758
92777
92792
92804
92812
92799
92781
92795
92790
92798
92784
92780
92785
92800
92809
92827
92841
92831
92818
92817
92825
92820
92802
92813
92806
92794
92811
92793
92773
92791
92782
92765
92774
92783
92796
92815
92810
92808
92788
92787
92805
92823
92838
92835
92849
92844
92855
92837
92853
92870
92871
92890
92891
92910
92922
92933
92948
92957
92959
92976
92971
92965
92960
92940
92950
92951
92946
92929
92926
92908
92921
92939
92932
92943
92938
92925
92927
92944
92945
92954
92936
92952
92978
92996
92989
93002
92985
93021
93039
93043
93062
93075
93057
93045
93060
93076
93080
93083
93077
93092
93081
93097
93111
93104
93082
93088
93090
93085
93105
93108
93112
93106
93125
93136
93118
93141
93133
93155
93160
93177
93166
93159
93162
93207
93190
93183
93214
93197
93223
93236
93250
93240
93252
93265
93278
93294
93276
93292
93319
9440
9449
9450
9439
9451
9468
9462
9476
9475
9458
9463
9457
9447
9433
9442
9454
9444
9431
9441
9432
9436
9419
9408
9425
9445
9430
9417
9434
9424
9443
9428
9438
9435
9421
9418
9412
9394
9380
9381
9362
9373
9361
9378
9376
9368
9384
9399
9405
9404
9410
9393
9413
9407
9388
9370
9369
9372
9353
9337
9348
9343
9359
9354
9352
9341
9340
9338
9347
9339
9331
9320
9301
9295
9281
9294
9280
9273
9267
9283
9268
9276
9275
9261
9263
9271
9252
9254
9257
9241
9247
9238
9232
9218
9236
9240
9249
9250
9253
9243
9256
9239
9255
9274
9292
9312
9316
9307
9291
9309
9299
9314
9302
9318
9303
9321
9330
9345
9329
9332
9333
9319
9317
9335
9322
9311
9326
9342
9324
9323
9313
9325
9355
9367
9374
9371
9377
9386
9389
9401
9383
9387
9400
9402
9390
9403
9409
9415
9420
9397
9398
9414
9392
9395
9385
9365
9358
9346
9344
9356
9364
9351
9349
9334
9328
9315
9327
9336
9357
9366
9360
9382
9379
9391
9396
9411
9427
9416
9429
9437
9456
9455
9461
9464
9473
9483
9498
9494
9503
9507
9509
9504
9489
9488
9493
9508
9490
9479
9466
9472
9459
9448
9446
9465
9484
9500
9481
9487
9505
9519
9525
9514
9521
9522
9510
9527
9543
9550
9567
9586
9582
9598
9603
9590
9585
9572
9579
9571
9573
9569
9583
9565
9552
9542
9536
9534
9555
9540
9544
9541
9535
9529
9532
9528
9545
9538
9539
9553
9562
9578
9581
9566
9564
9568
9557
9546
9531
9547
9533
9548
9556
9551
9537
9523
9515
9511
9496
9499
9480
9474
9469
9452
9482
9491
9495
9497
9512
9530
9526
9524
9518
9502
9516
9506
9501
9520
9558
9574
9570
9577
9588
9607
9610
9619
9608
9626
9616
9620
9609
9597
9596
9592
9606
9600
9611
9627
9641
9648
9650
9653
9636
9654
9669
9660
9667
9676
9672
9682
9683
9695
9694
9675
9657
9647
9640
9635
9623
9642
9646
9658
9662
9645
9639
9633
9612
9601
9602
9604
9591
9584
9594
9587
9593
9599
9615
9605
9621
9634
9617
9638
9631
9624
9637
9625
9632
9618
9614
9613
9595
9589
9561
9549
9559
9576
9563
9560
9580
9575
9644
9628
9630
9622
9649
9651
9668
9656
9665
9670
9690
9685
9693
9687
9706
9697
9704
9710
9722
9735
9739
9752
9764
9769
9788
9802
9803
9796
9787
9777
9784
9775
9758
9744
9736
9747
9766
9771
9753
9751
9733
9729
9731
9749
9761
9768
9757
9750
9730
9717
9701
9700
9707
9692
9688
9673
9686
9674
9691
9699
9680
9698
9713
9702
9684
9666
9663
9679
9696
9678
9659
9652
9655
9664
9677
9661
9643
9629
9671
9703
9715
9716
9734
9714
9708
9719
9712
9726
9746
9737
9754
9741
9755
9763
9756
9765
9745
9748
9732
9727
9742
9759
9760
9776
9772
9785
9801
9799
9804
9819
9827
9805
9821
9838
9825
9809
9812
9810
9820
9806
9814
9832
9818
9800
9794
9792
9793
9789
9782
9778
9780
9795
9813
9798
9807
9816
9811
9834
9850
9835
9848
9841
9852
9836
9856
9849
9862
9876
9878
9887
9868
9883
9888
9894
9879
9874
9855
9877
9867
9869
9895
9898
9886
9900
9860
9875
9872
9890
9940
9965
10012
9996
10043
10060
10061
10067
10057
10050
10068
10076
10082
10107
10103
10144
10016
10013
9953
9859
9854
9817
9797
9774
9786
9779
9791
9783
9790
9773
9767
9762
9725
9724
9738
9720
9721
9740
9728
9711
9705
9723
9743
9718
9709
9770
9781
9896
9823
9880
9815
9824
9681
9689
10665
92920
92923
92913
92905
92887
92880
92894
92888
92885
92882
92900
92899
92893
92884
92901
92907
92897
92912
92917
92937
92947
92964
92953
92934
92949
92941
92931
92942
92961
92967
92969
92972
92968
92983
92993
93004
93010
93023
93038
93020
93035
93022
93016
93025
93015
92999
92991
93013
93032
93047
93054
93056
93070
93051
93064
93065
93061
93055
93053
93040
93024
93034
93041
93033
93052
93037
93031
93017
93030
93009
93005
92988
92998
93011
92997
93001
92995
93003
93019
93000
92992
92982
92979
92962
92974
92986
93007
93008
93006
93012
93026
93044
93048
93066
93050
93059
93072
93087
93099
93101
93095
93091
93109
93124
93114
93098
93115
93100
93120
93139
93158
93161
93142
93152
93137
93153
93156
93154
93140
93148
93149
93145
93143
93150
93130
93119
93129
93127
93110
93116
93107
93093
93086
93071
93084
93103
93121
93138
93146
93144
93134
93123
93132
93117
93126
93122
93113
93131
93147
93151
93164
93163
93168
93171
93174
93191
93188
93195
93182
93200
93184
93189
93206
93224
93238
93225
93209
93218
93201
93208
93213
93211
93196
93176
93179
93187
93186
93192
93185
93175
93169
93173
93165
93180
93181
93170
93172
93178
93193
93210
93199
93215
93227
93232
93246
93241
93222
93239
93259
93243
93255
93244
93261
93268
93286
93296
93284
93297
93281
93299
93316
93306
93293
93283
93270
93280
93290
93303
93302
93311
93312
93298
93305
93301
93310
93308
93289
93274
93275
93272
93266
93256
93263
93262
93260
93242
93254
93235
93229
93237
93245
93234
93230
93219
93212
93216
93233
93248
93253
93269
93273
93271
93288
93264
93282
93291
93285
93279
93251
93228
93217
93204
93226
93205
93202
93220
93198
93203
93194
93221
93231
93247
93258
93267
93287
93309
93307
93324
93314
93320
93313
93317
93323
93342
93347
93339
93341
93351
93365
93352
93333
93328
93344
93357
93348
93367
93382
93394
93402
93389
93371
93385
93380
93388
93374
93370
93375
93390
93399
93417
93431
93421
93408
93407
93415
93410
93392
93403
93396
93384
93401
93383
93363
93381
93372
93355
93364
93373
93386
93405
93400
93398
93378
93377
93395
93413
93428
93425
93439
93434
93445
93427
93443
93460
93461
93480
93481
93500
93512
93523
93538
93547
93549
93566
93561
93555
93550
93530
93540
93541
93536
93519
93516
93498
93511
93529
93522
93533
93528
93515
93517
93534
93535
93544
93526
93542
93568
93586
93579
93592
93575
93611
93629
93633
93652
93665
93647
93635
93650
93666
93670
93673
93667
93682
93671
93687
93701
93694
93672
93678
93680
93675
93695
93698
93702
93696
93715
93726
93708
93731
93723
93745
93750
93767
93756
93749
93752
93797
93780
93773
93804
93787
93813
93826
93840
93830
93842
93855
93868
93884
93866
93882
93909
10030
10039
10040
10029
10041
10058
10052
10066
10065
10048
10053
10047
10037
10023
10032
10044
10034
10021
10031
10022
10026
10009
9998
10015
10035
10020
10007
10024
10014
10033
10018
10028
10025
10011
10008
10002
9984
9970
9971
9952
9963
9951
9968
9966
9958
9974
9989
9995
9994
10000
9983
10003
9997
9978
9960
9959
9962
9943
9927
9938
9933
9949
9944
9942
9931
9930
9928
9937
9929
9921
9910
9891
9885
9871
9884
9870
9863
9857
9873
9858
9866
9865
9851
9853
9861
9842
9844
9847
9831
9837
9828
9822
9808
9826
9830
9839
9840
9843
9833
9846
9829
9845
9864
9882
9902
9906
9897
9881
9899
9889
9904
9892
9908
9893
9911
9920
9935
9919
9922
9923
9909
9907
9925
9912
9901
9916
9932
9914
9913
9903
9915
9945
9957
9964
9961
9967
9976
9979
9991
9973
9977
9990
9992
9980
9993
9999
10005
10010
9987
9988
10004
9982
9985
9975
9955
9948
9936
9934
9946
9954
9941
9939
9924
9918
9905
9917
9926
9947
9956
9950
9972
9969
9981
9986
10001
10017
10006
10019
10027
10046
10045
10051
10054
10063
10073
10088
10084
10093
10097
10099
10094
10079
10078
10083
10098
10080
10069
10056
10062
10049
10038
10036
10055
10074
10090
10071
10077
10095
10109
10115
10104
10111
10112
10100
10117
10133
10140
10157
10176
10172
10188
10193
10180
10175
10162
10169
10161
10163
10159
10173
10155
10142
10132
10126
10124
10145
10130
10134
10131
10125
10119
10122
10118
10135
10128
10129
10143
10152
10168
10171
10156
10154
10158
10147
10136
10121
10137
10123
10138
10146
10141
10127
10113
10105
10101
10086
10089
10070
10064
10059
10042
10072
10081
10085
10087
10102
10120
10116
10114
10108
10092
10106
10096
10091
10110
10148
10164
10160
10167
10178
10197
10200
10209
10198
10216
10206
10210
10199
10187
10186
10182
10196
10190
10201
10217
10231
10238
10240
10243
10226
10244
10259
10250
10257
10266
10262
10272
10273
10285
10284
10265
10247
10237
10230
10225
10213
10232
10236
10248
10252
10235
10229
10223
10202
10191
10192
10194
10181
10174
10184
10177
10183
10189
10205
10195
10211
10224
10207
10228
10221
10214
10227
10215
10222
10208
10204
10203
10185
10179
10151
10139
10149
10166
10153
10150
10170
10165
10234
10218
10220
10212
10239
10241
10258
10246
10255
10260
10280
10275
10283
10277
10296
10287
10294
10300
10312
10325
10329
10342
10354
10359
10378
10392
10393
10386
10377
10367
10374
10365
10348
10334
10326
10337
10356
10361
10343
10341
10323
10319
10321
10339
10351
10358
10347
10340
10320
10307
10291
10290
10297
10282
10278
10263
10276
10264
10281
10289
10270
10288
10303
10292
10274
10256
10253
10269
10286
10268
10249
10242
10245
10254
10267
10251
10233
10219
10261
10293
10305
10306
10324
10304
10298
10309
10302
10316
10336
10327
10344
10331
10345
10353
10346
10355
10335
10338
10322
10317
10332
10349
10350
10366
10362
10375
10391
10389
10394
10409
10417
10395
10411
10428
10415
10399
10402
10400
10410
10396
10404
10422
10408
10390
10384
10382
10383
10379
10372
10368
10370
10385
10403
10388
10397
10406
10401
10424
10440
10425
10438
10431
10442
10426
10446
10439
10452
10466
10468
10477
10458
10473
10478
10484
10469
10464
10445
10467
10457
10459
10485
10488
10476
10490
10450
10465
10462
10480
10530
10555
10602
10586
10633
10650
10651
10657
10647
10640
10658
10666
10672
10697
10693
10734
10606
10603
10543
10449
10444
10407
10387
10364
10376
10369
10381
10373
10380
10363
10357
10352
10315
10314
10328
10310
10311
10330
10318
10301
10295
10313
10333
10308
10299
10360
10371
10486
10413
10470
10405
10414
10271
10279
11255
93510
93513
93503
93495
93477
93470
93484
93478
93475
93472
93490
93489
93483
93474
93491
93497
93487
93502
93507
93527
93537
93554
93543
93524
93539
93531
93521
93532
93551
93557
93559
93562
93558
93573
93583
93594
93600
93613
93628
93610
93625
93612
93606
93615
93605
93589
93581
93603
93622
93637
93644
93646
93660
93641
93654
93655
93651
93645
93643
93630
93614
93624
93631
93623
93642
93627
93621
93607
93620
93599
93595
93578
93588
93601
93587
93591
93585
93593
93609
93590
93582
93572
93569
93552
93564
93576
93597
93598
93596
93602
93616
93634
93638
93656
93640
93649
93662
93677
93689
93691
93685
93681
93699
93714
93704
93688
93705
93690
93710
93729
93748
93751
93732
93742
93727
93743
93746
93744
93730
93738
93739
93735
93733
93740
93720
93709
93719
93717
93700
93706
93697
93683
93676
93661
93674
93693
93711
93728
93736
93734
93724
93713
93722
93707
93716
93712
93703
93721
93737
93741
93754
93753
93758
93761
93764
93781
93778
93785
93772
93790
93774
93779
93796
93814
93828
93815
93799
93808
93791
93798
93803
93801
93786
93766
93769
93777
93776
93782
93775
93765
93759
93763
93755
93770
93771
93760
93762
93768
93783
93800
93789
93805
93817
93822
93836
93831
93812
93829
93849
93833
93845
93834
93851
93858
93876
93886
93874
93887
93871
93889
93906
93896
93883
93873
93860
93870
93880
93893
93892
93901
93902
93888
93895
93891
93900
93898
93879
93864
93865
93862
93856
93846
93853
93852
93850
93832
93844
93825
93819
93827
93835
93824
93820
93809
93802
93806
93823
93838
93843
93859
93863
93861
93878
93854
93872
93881
93875
93869
93841
93818
93807
93794
93816
93795
93792
93810
93788
93793
93784
93811
93821
93837
93848
93857
93877
93899
93897
93914
93904
93910
93903
93907
93913
93932
93937
93929
93931
93941
93955
93942
93923
93918
93934
93947
93938
93957
93972
93984
93992
93979
93961
93975
93970
93978
93964
93960
93965
93980
93989
94007
94021
94011
93998
93997
94005
94000
93982
93993
93986
93974
93991
93973
93953
93971
93962
93945
93954
93963
93976
93995
93990
93988
93968
93967
93985
94003
94018
94015
94029
94024
94035
94017
94033
94050
94051
94070
94071
94090
94102
94113
94128
94137
94139
94156
94151
94145
94140
94120
94130
94131
94126
94109
94106
94088
94101
94119
94112
94123
94118
94105
94107
94124
94125
94134
94116
94132
94158
94176
94169
94182
94165
94201
94219
94223
94242
94255
94237
94225
94240
94256
94260
94263
94257
94272
94261
94277
94291
94284
94262
94268
94270
94265
94285
94288
94292
94286
94305
94316
94298
94321
94313
94335
94340
94357
94346
94339
94342
94387
94370
94363
94394
94377
94403
94416
94430
94420
94432
94445
94458
94474
94456
94472
94499
10620
10629
10630
10619
10631
10648
10642
10656
10655
10638
10643
10637
10627
10613
10622
10634
10624
10611
10621
10612
10616
10599
10588
10605
10625
10610
10597
10614
10604
10623
10608
10618
10615
10601
10598
10592
10574
10560
10561
10542
10553
10541
10558
10556
10548
10564
10579
10585
10584
10590
10573
10593
10587
10568
10550
10549
10552
10533
10517
10528
10523
10539
10534
10532
10521
10520
10518
10527
10519
10511
10500
10481
10475
10461
10474
10460
10453
10447
10463
10448
10456
10455
10441
10443
10451
10432
10434
10437
10421
10427
10418
10412
10398
10416
10420
10429
10430
10433
10423
10436
10419
10435
10454
10472
10492
10496
10487
10471
10489
10479
10494
10482
10498
10483
10501
10510
10525
10509
10512
10513
10499
10497
10515
10502
10491
10506
10522
10504
10503
10493
10505
10535
10547
10554
10551
10557
10566
10569
10581
10563
10567
10580
10582
10570
10583
10589
10595
10600
10577
10578
10594
10572
10575
10565
10545
10538
10526
10524
10536
10544
10531
10529
10514
10508
10495
10507
10516
10537
10546
10540
10562
10559
10571
10576
10591
10607
10596
10609
10617
10636
10635
10641
10644
10653
10663
10678
10674
10683
10687
10689
10684
10669
10668
10673
10688
10670
10659
10646
10652
10639
10628
10626
10645
10664
10680
10661
10667
10685
10699
10705
10694
10701
10702
10690
10707
10723
10730
10747
10766
10762
10778
10783
10770
10765
10752
10759
10751
10753
10749
10763
10745
10732
10722
10716
10714
10735
10720
10724
10721
10715
10709
10712
10708
10725
10718
10719
10733
10742
10758
10761
10746
10744
10748
10737
10726
10711
10727
10713
10728
10736
10731
10717
10703
10695
10691
10676
10679
10660
10654
10649
10632
10662
10671
10675
10677
10692
10710
10706
10704
10698
10682
10696
10686
10681
10700
10738
10754
10750
10757
10768
10787
10790
10799
10788
10806
10796
10800
10789
10777
10776
10772
10786
10780
10791
10807
10821
10828
10830
10833
10816
10834
10849
10840
10847
10856
10852
10862
10863
10875
10874
10855
10837
10827
10820
10815
10803
10822
10826
10838
10842
10825
10819
10813
10792
10781
10782
10784
10771
10764
10774
10767
10773
10779
10795
10785
10801
10814
10797
10818
10811
10804
10817
10805
10812
10798
10794
10793
10775
10769
10741
10729
10739
10756
10743
10740
10760
10755
10824
10808
10810
10802
10829
10831
10848
10836
10845
10850
10870
10865
10873
10867
10886
10877
10884
10890
10902
10915
10919
10932
10944
10949
10968
10982
10983
10976
10967
10957
10964
10955
10938
10924
10916
10927
10946
10951
10933
10931
10913
10909
10911
10929
10941
10948
10937
10930
10910
10897
10881
10880
10887
10872
10868
10853
10866
10854
10871
10879
10860
10878
10893
10882
10864
10846
10843
10859
10876
10858
10839
10832
10835
10844
10857
10841
10823
10809
10851
10883
10895
10896
10914
10894
10888
10899
10892
10906
10926
10917
10934
10921
10935
10943
10936
10945
10925
10928
10912
10907
10922
10939
10940
10956
10952
10965
10981
10979
10984
10999
11007
10985
11001
11018
11005
10989
10992
10990
11000
10986
10994
11012
10998
10980
10974
10972
10973
10969
10962
10958
10960
10975
10993
10978
10987
10996
10991
11014
11030
11015
11028
11021
11032
11016
11036
11029
11042
11056
11058
11067
11048
11063
11068
11074
11059
11054
11035
11057
11047
11049
11075
11078
11066
11080
11040
11055
11052
11070
11120
11145
11192
11176
11223
11240
11241
11247
11237
11230
11248
11256
11262
11287
11283
11324
11196
11193
11133
11039
11034
10997
10977
10954
10966
10959
10971
10963
10970
10953
10947
10942
10905
10904
10918
10900
10901
10920
10908
10891
10885
10903
10923
10898
10889
10950
10961
11076
11003
11060
10995
11004
10861
10869
11845
94100
94103
94093
94085
94067
94060
94074
94068
94065
94062
94080
94079
94073
94064
94081
94087
94077
94092
94097
94117
94127
94144
94133
94114
94129
94121
94111
94122
94141
94147
94149
94152
94148
94163
94173
94184
94190
94203
94218
94200
94215
94202
94196
94205
94195
94179
94171
94193
94212
94227
94234
94236
94250
94231
94244
94245
94241
94235
94233
94220
94204
94214
94221
94213
94232
94217
94211
94197
94210
94189
94185
94168
94178
94191
94177
94181
94175
94183
94199
94180
94172
94162
94159
94142
94154
94166
94187
94188
94186
94192
94206
94224
94228
94246
94230
94239
94252
94267
94279
94281
94275
94271
94289
94304
94294
94278
94295
94280
94300
94319
94338
94341
94322
94332
94317
94333
94336
94334
94320
94328
94329
94325
94323
94330
94310
94299
94309
94307
94290
94296
94287
94273
94266
94251
94264
94283
94301
94318
94326
94324
94314
94303
94312
94297
94306
94302
94293
94311
94327
94331
94344
94343
94348
94351
94354
94371
94368
94375
94362
94380
94364
94369
94386
94404
94418
94405
94389
94398
94381
94388
94393
94391
94376
94356
94359
94367
94366
94372
94365
94355
94349
94353
94345
94360
94361
94350
94352
94358
94373
94390
94379
94395
94407
94412
94426
94421
94402
94419
94439
94423
94435
94424
94441
94448
94466
94476
94464
94477
94461
94479
94496
94486
94473
94463
94450
94460
94470
94483
94482
94491
94492
94478
94485
94481
94490
94488
94469
94454
94455
94452
94446
94436
94443
94442
94440
94422
94434
94415
94409
94417
94425
94414
94410
94399
94392
94396
94413
94428
94433
94449
94453
94451
94468
94444
94462
94471
94465
94459
94431
94408
94397
94384
94406
94385
94382
94400
94378
94383
94374
94401
94411
94427
94438
94447
94467
94489
94487
94504
94494
94500
94493
94497
94503
94522
94527
94519
94521
94531
94545
94532
94513
94508
94524
94537
94528
94547
94562
94574
94582
94569
94551
94565
94560
94568
94554
94550
94555
94570
94579
94597
94611
94601
94588
94587
94595
94590
94572
94583
94576
94564
94581
94563
94543
94561
94552
94535
94544
94553
94566
94585
94580
94578
94558
94557
94575
94593
94608
94605
94619
94614
94625
94607
94623
94640
94641
94660
94661
94680
94692
94703
94718
94727
94729
94746
94741
94735
94730
94710
94720
94721
94716
94699
94696
94678
94691
94709
94702
94713
94708
94695
94697
94714
94715
94724
94706
94722
94748
94766
94759
94772
94755
94791
94809
94813
94832
94845
94827
94815
94830
94846
94850
94853
94847
94862
94851
94867
94881
94874
94852
94858
94860
94855
94875
94878
94882
94876
94895
94906
94888
94911
94903
94925
94930
94947
94936
94929
94932
94977
94960
94953
94984
94967
94993
95006
95020
95010
95022
95035
95048
95064
95046
95062
95089
11210
11219
11220
11209
11221
11238
11232
11246
11245
11228
11233
11227
11217
11203
11212
11224
11214
11201
11211
11202
11206
11189
11178
11195
11215
11200
11187
11204
11194
11213
11198
11208
11205
11191
11188
11182
11164
11150
11151
11132
11143
11131
11148
11146
11138
11154
11169
11175
11174
11180
11163
11183
11177
11158
11140
11139
11142
11123
11107
11118
11113
11129
11124
11122
11111
11110
11108
11117
11109
11101
11090
11071
11065
11051
11064
11050
11043
11037
11053
11038
11046
11045
11031
11033
11041
11022
11024
11027
11011
11017
11008
11002
10988
11006
11010
11019
11020
11023
11013
11026
11009
11025
11044
11062
11082
11086
11077
11061
11079
11069
11084
11072
11088
11073
11091
11100
11115
11099
11102
11103
11089
11087
11105
11092
11081
11096
11112
11094
11093
11083
11095
11125
11137
11144
11141
11147
11156
11159
11171
11153
11157
11170
11172
11160
11173
11179
11185
11190
11167
11168
11184
11162
11165
11155
11135
11128
11116
11114
11126
11134
11121
11119
11104
11098
11085
11097
11106
11127
11136
11130
11152
11149
11161
11166
11181
11197
11186
11199
11207
11226
11225
11231
11234
11243
11253
11268
11264
11273
11277
11279
11274
11259
11258
11263
11278
11260
11249
11236
11242
11229
11218
11216
11235
11254
11270
11251
11257
11275
11289
11295
11284
11291
11292
11280
11297
11313
11320
11337
11356
11352
11368
11373
11360
11355
11342
11349
11341
11343
11339
11353
11335
11322
11312
11306
11304
11325
11310
11314
11311
11305
11299
11302
11298
11315
11308
11309
11323
11332
11348
11351
11336
11334
11338
11327
11316
11301
11317
11303
11318
11326
11321
11307
11293
11285
11281
11266
11269
11250
11244
11239
11222
11252
11261
11265
11267
11282
11300
11296
11294
11288
11272
11286
11276
11271
11290
11328
11344
11340
11347
11358
11377
11380
11389
11378
11396
11386
11390
11379
11367
11366
11362
11376
11370
11381
11397
11411
11418
11420
11423
11406
11424
11439
11430
11437
11446
11442
11452
11453
11465
11464
11445
11427
11417
11410
11405
11393
11412
11416
11428
11432
11415
11409
11403
11382
11371
11372
11374
11361
11354
11364
11357
11363
11369
11385
11375
11391
11404
11387
11408
11401
11394
11407
11395
11402
11388
11384
11383
11365
11359
11331
11319
11329
11346
11333
11330
11350
11345
11414
11398
11400
11392
11419
11421
11438
11426
11435
11440
11460
11455
11463
11457
11476
11467
11474
11480
11492
11505
11509
11522
11534
11539
11558
11572
11573
11566
11557
11547
11554
11545
11528
11514
11506
11517
11536
11541
11523
11521
11503
11499
11501
11519
11531
11538
11527
11520
11500
11487
11471
11470
11477
11462
11458
11443
11456
11444
11461
11469
11450
11468
11483
11472
11454
11436
11433
11449
11466
11448
11429
11422
11425
11434
11447
11431
11413
11399
11441
11473
11485
11486
11504
11484
11478
11489
11482
11496
11516
11507
11524
11511
11525
11533
11526
11535
11515
11518
11502
11497
11512
11529
11530
11546
11542
11555
11571
11569
11574
11589
11597
11575
11591
11608
11595
11579
11582
11580
11590
11576
11584
11602
11588
11570
11564
11562
11563
11559
11552
11548
11550
11565
11583
11568
11577
11586
11581
11604
11620
11605
11618
11611
11622
11606
11626
11619
11632
11646
11648
11657
11638
11653
11658
11664
11649
11644
11625
11647
11637
11639
11665
11668
11656
11670
11630
11645
11642
11660
11710
11735
11782
11766
11813
11830
11831
11837
11827
11820
11838
11846
11852
11877
11873
11914
11786
11783
11723
11629
11624
11587
11567
11544
11556
11549
11561
11553
11560
11543
11537
11532
11495
11494
11508
11490
11491
11510
11498
11481
11475
11493
11513
11488
11479
11540
11551
11666
11593
11650
11585
11594
11451
11459
12435
94690
94693
94683
94675
94657
94650
94664
94658
94655
94652
94670
94669
94663
94654
94671
94677
94667
94682
94687
94707
94717
94734
94723
94704
94719
94711
94701
94712
94731
94737
94739
94742
94738
94753
94763
94774
94780
94793
94808
94790
94805
94792
94786
94795
94785
94769
94761
94783
94802
94817
94824
94826
94840
94821
94834
94835
94831
94825
94823
94810
94794
94804
94811
94803
94822
94807
94801
94787
94800
94779
94775
94758
94768
94781
94767
94771
94765
94773
94789
94770
94762
94752
94749
94732
94744
94756
94777
94778
94776
94782
94796
94814
94818
94836
94820
94829
94842
94857
94869
94871
94865
94861
94879
94894
94884
94868
94885
94870
94890
94909
94928
94931
94912
94922
94907
94923
94926
94924
94910
94918
94919
94915
94913
94920
94900
94889
94899
94897
94880
94886
94877
94863
94856
94841
94854
94873
94891
94908
94916
94914
94904
94893
94902
94887
94896
94892
94883
94901
94917
94921
94934
94933
94938
94941
94944
94961
94958
94965
94952
94970
94954
94959
94976
94994
95008
94995
94979
94988
94971
94978
94983
94981
94966
94946
94949
94957
94956
94962
94955
94945
94939
94943
94935
94950
94951
94940
94942
94948
94963
94980
94969
94985
94997
95002
95016
95011
94992
95009
95029
95013
95025
95014
95031
95038
95056
95066
95054
95067
95051
95069
95086
95076
95063
95053
95040
95050
95060
95073
95072
95081
95082
95068
95075
95071
95080
95078
95059
95044
95045
95042
95036
95026
95033
95032
95030
95012
95024
95005
94999
95007
95015
95004
95000
94989
94982
94986
95003
95018
95023
95039
95043
95041
95058
95034
95052
95061
95055
95049
95021
94998
94987
94974
94996
94975
94972
94990
94968
94973
94964
94991
95001
95017
95028
95037
95057
95079
95077
95094
95084
95090
95083
95087
95093
95112
95117
95109
95111
95121
95135
95122
95103
95098
95114
95127
95118
95137
95152
95164
95172
95159
95141
95155
95150
95158
95144
95140
95145
95160
95169
95187
95201
95191
95178
95177
95185
95180
95162
95173
95166
95154
95171
95153
95133
95151
95142
95125
95134
95143
95156
95175
95170
95168
95148
95147
95165
95183
95198
95195
95209
95204
95215
95197
95213
95230
95231
95250
95251
95270
95282
95293
95308
95317
95319
95336
95331
95325
95320
95300
95310
95311
95306
95289
95286
95268
95281
95299
95292
95303
95298
95285
95287
95304
95305
95314
95296
95312
95338
95356
95349
95362
95345
95381
95399
95403
95422
95435
95417
95405
95420
95436
95440
95443
95437
95452
95441
95457
95471
95464
95442
95448
95450
95445
95465
95468
95472
95466
95485
95496
95478
95501
95493
95515
95520
95537
95526
95519
95522
95567
95550
95543
95574
95557
95583
95596
95610
95600
95612
95625
95638
95654
95636
95652
95679
11800
11809
11810
11799
11811
11828
11822
11836
11835
11818
11823
11817
11807
11793
11802
11814
11804
11791
11801
11792
11796
11779
11768
11785
11805
11790
11777
11794
11784
11803
11788
11798
11795
11781
11778
11772
11754
11740
11741
11722
11733
11721
11738
11736
11728
11744
11759
11765
11764
11770
11753
11773
11767
11748
11730
11729
11732
11713
11697
11708
11703
11719
11714
11712
11701
11700
11698
11707
11699
11691
11680
11661
11655
11641
11654
11640
11633
11627
11643
11628
11636
11635
11621
11623
11631
11612
11614
11617
11601
11607
11598
11592
11578
11596
11600
11609
11610
11613
11603
11616
11599
11615
11634
11652
11672
11676
11667
11651
11669
11659
11674
11662
11678
11663
11681
11690
11705
11689
11692
11693
11679
11677
11695
11682
11671
11686
11702
11684
11683
11673
11685
11715
11727
11734
11731
11737
11746
11749
11761
11743
11747
11760
11762
11750
11763
11769
11775
11780
11757
11758
11774
11752
11755
11745
11725
11718
11706
11704
11716
11724
11711
11709
11694
11688
11675
11687
11696
11717
11726
11720
11742
11739
11751
11756
11771
11787
11776
11789
11797
11816
11815
11821
11824
11833
11843
11858
11854
11863
11867
11869
11864
11849
11848
11853
11868
11850
11839
11826
11832
11819
11808
11806
11825
11844
11860
11841
11847
11865
11879
11885
11874
11881
11882
11870
11887
11903
11910
11927
11946
11942
11958
11963
11950
11945
11932
11939
11931
11933
11929
11943
11925
11912
11902
11896
11894
11915
11900
11904
11901
11895
11889
11892
11888
11905
11898
11899
11913
11922
11938
11941
11926
11924
11928
11917
11906
11891
11907
11893
11908
11916
11911
11897
11883
11875
11871
11856
11859
11840
11834
11829
11812
11842
11851
11855
11857
11872
11890
11886
11884
11878
11862
11876
11866
11861
11880
11918
11934
11930
11937
11948
11967
11970
11979
11968
11986
11976
11980
11969
11957
11956
11952
11966
11960
11971
11987
12001
12008
12010
12013
11996
12014
12029
12020
12027
12036
12032
12042
12043
12055
12054
12035
12017
12007
12000
11995
11983
12002
12006
12018
12022
12005
11999
11993
11972
11961
11962
11964
11951
11944
11954
11947
11953
11959
11975
11965
11981
11994
11977
11998
11991
11984
11997
11985
11992
11978
11974
11973
11955
11949
11921
11909
11919
11936
11923
11920
11940
11935
12004
11988
11990
11982
12009
12011
12028
12016
12025
12030
12050
12045
12053
12047
12066
12057
12064
12070
12082
12095
12099
12112
12124
12129
12148
12162
12163
12156
12147
12137
12144
12135
12118
12104
12096
12107
12126
12131
12113
12111
12093
12089
12091
12109
12121
12128
12117
12110
12090
12077
12061
12060
12067
12052
12048
12033
12046
12034
12051
12059
12040
12058
12073
12062
12044
12026
12023
12039
12056
12038
12019
12012
12015
12024
12037
12021
12003
11989
12031
12063
12075
12076
12094
12074
12068
12079
12072
12086
12106
12097
12114
12101
12115
12123
12116
12125
12105
12108
12092
12087
12102
12119
12120
12136
12132
12145
12161
12159
12164
12179
12187
12165
12181
12198
12185
12169
12172
12170
12180
12166
12174
12192
12178
12160
12154
12152
12153
12149
12142
12138
12140
12155
12173
12158
12167
12176
12171
12194
12210
12195
12208
12201
12212
12196
12216
12209
12222
12236
12238
12247
12228
12243
12248
12254
12239
12234
12215
12237
12227
12229
12255
12258
12246
12260
12220
12235
12232
12250
12300
12325
12372
12356
12403
12420
12421
12427
12417
12410
12428
12436
12442
12467
12463
12504
12376
12373
12313
12219
12214
12177
12157
12134
12146
12139
12151
12143
12150
12133
12127
12122
12085
12084
12098
12080
12081
12100
12088
12071
12065
12083
12103
12078
12069
12130
12141
12256
12183
12240
12175
12184
12041
12049
13025
95280
95283
95273
95265
95247
95240
95254
95248
95245
95242
95260
95259
95253
95244
95261
95267
95257
95272
95277
95297
95307
95324
95313
95294
95309
95301
95291
95302
95321
95327
95329
95332
95328
95343
95353
95364
95370
95383
95398
95380
95395
95382
95376
95385
95375
95359
95351
95373
95392
95407
95414
95416
95430
95411
95424
95425
95421
95415
95413
95400
95384
95394
95401
95393
95412
95397
95391
95377
95390
95369
95365
95348
95358
95371
95357
95361
95355
95363
95379
95360
95352
95342
95339
95322
95334
95346
95367
95368
95366
95372
95386
95404
95408
95426
95410
95419
95432
95447
95459
95461
95455
95451
95469
95484
95474
95458
95475
95460
95480
95499
95518
95521
95502
95512
95497
95513
95516
95514
95500
95508
95509
95505
95503
95510
95490
95479
95489
95487
95470
95476
95467
95453
95446
95431
95444
95463
95481
95498
95506
95504
95494
95483
95492
95477
95486
95482
95473
95491
95507
95511
95524
95523
95528
95531
95534
95551
95548
95555
95542
95560
95544
95549
95566
95584
95598
95585
95569
95578
95561
95568
95573
95571
95556
95536
95539
95547
95546
95552
95545
95535
95529
95533
95525
95540
95541
95530
95532
95538
95553
95570
95559
95575
95587
95592
95606
95601
95582
95599
95619
95603
95615
95604
95621
95628
95646
95656
95644
95657
95641
95659
95676
95666
95653
95643
95630
95640
95650
95663
95662
95671
95672
95658
95665
95661
95670
95668
95649
95634
95635
95632
95626
95616
95623
95622
95620
95602
95614
95595
95589
95597
95605
95594
95590
95579
95572
95576
95593
95608
95613
95629
95633
95631
95648
95624
95642
95651
95645
95639
95611
95588
95577
95564
95586
95565
95562
95580
95558
95563
95554
95581
95591
95607
95618
95627
95647
95669
95667
95684
95674
95680
95673
95677
95683
95702
95707
95699
95701
95711
95725
95712
95693
95688
95704
95717
95708
95727
95742
95754
95762
95749
95731
95745
95740
95748
95734
95730
95735
95750
95759
95777
95791
95781
95768
95767
95775
95770
95752
95763
95756
95744
95761
95743
95723
95741
95732
95715
95724
95733
95746
95765
95760
95758
95738
95737
95755
95773
95788
95785
95799
95794
95805
95787
95803
95820
95821
95840
95841
95860
95872
95883
95898
95907
95909
95926
95921
95915
95910
95890
95900
95901
95896
95879
95876
95858
95871
95889
95882
95893
95888
95875
95877
95894
95895
95904
95886
95902
95928
95946
95939
95952
95935
95971
95989
95993
96012
96025
96007
95995
96010
96026
96030
96033
96027
96042
96031
96047
96061
96054
96032
96038
96040
96035
96055
96058
96062
96056
96075
96086
96068
96091
96083
96105
96110
96127
96116
96109
96112
96157
96140
96133
96164
96147
96173
96186
96200
96190
96202
96215
96228
96244
96226
96242
96269
12390
12399
12400
12389
12401
12418
12412
12426
12425
12408
12413
12407
12397
12383
12392
12404
12394
12381
12391
12382
12386
12369
12358
12375
12395
12380
12367
12384
12374
12393
12378
12388
12385
12371
12368
12362
12344
12330
12331
12312
12323
12311
12328
12326
12318
12334
12349
12355
12354
12360
12343
12363
12357
12338
12320
12319
12322
12303
12287
12298
12293
12309
12304
12302
12291
12290
12288
12297
12289
12281
12270
12251
12245
12231
12244
12230
12223
12217
12233
12218
12226
12225
12211
12213
12221
12202
12204
12207
12191
12197
12188
12182
12168
12186
12190
12199
12200
12203
12193
12206
12189
12205
12224
12242
12262
12266
12257
12241
12259
12249
12264
12252
12268
12253
12271
12280
12295
12279
12282
12283
12269
12267
12285
12272
12261
12276
12292
12274
12273
12263
12275
12305
12317
12324
12321
12327
12336
12339
12351
12333
12337
12350
12352
12340
12353
12359
12365
12370
12347
12348
12364
12342
12345
12335
12315
12308
12296
12294
12306
12314
12301
12299
12284
12278
12265
12277
12286
12307
12316
12310
12332
12329
12341
12346
12361
12377
12366
12379
12387
12406
12405
12411
12414
12423
12433
12448
12444
12453
12457
12459
12454
12439
12438
12443
12458
12440
12429
12416
12422
12409
12398
12396
12415
12434
12450
12431
12437
12455
12469
12475
12464
12471
12472
12460
12477
12493
12500
12517
12536
12532
12548
12553
12540
12535
12522
12529
12521
12523
12519
12533
12515
12502
12492
12486
12484
12505
12490
12494
12491
12485
12479
12482
12478
12495
12488
12489
12503
12512
12528
12531
12516
12514
12518
12507
12496
12481
12497
12483
12498
12506
12501
12487
12473
12465
12461
12446
12449
12430
12424
12419
12402
12432
12441
12445
12447
12462
12480
12476
12474
12468
12452
12466
12456
12451
12470
12508
12524
12520
12527
12538
12557
12560
12569
12558
12576
12566
12570
12559
12547
12546
12542
12556
12550
12561
12577
12591
12598
12600
12603
12586
12604
12619
12610
12617
12626
12622
12632
12633
12645
12644
12625
12607
12597
12590
12585
12573
12592
12596
12608
12612
12595
12589
12583
12562
12551
12552
12554
12541
12534
12544
12537
12543
12549
12565
12555
12571
12584
12567
12588
12581
12574
12587
12575
12582
12568
12564
12563
12545
12539
12511
12499
12509
12526
12513
12510
12530
12525
12594
12578
12580
12572
12599
12601
12618
12606
12615
12620
12640
12635
12643
12637
12656
12647
12654
12660
12672
12685
12689
12702
12714
12719
12738
12752
12753
12746
12737
12727
12734
12725
12708
12694
12686
12697
12716
12721
12703
12701
12683
12679
12681
12699
12711
12718
12707
12700
12680
12667
12651
12650
12657
12642
12638
12623
12636
12624
12641
12649
12630
12648
12663
12652
12634
12616
12613
12629
12646
12628
12609
12602
12605
12614
12627
12611
12593
12579
12621
12653
12665
12666
12684
12664
12658
12669
12662
12676
12696
12687
12704
12691
12705
12713
12706
12715
12695
12698
12682
12677
12692
12709
12710
12726
12722
12735
12751
12749
12754
12769
12777
12755
12771
12788
12775
12759
12762
12760
12770
12756
12764
12782
12768
12750
12744
12742
12743
12739
12732
12728
12730
12745
12763
12748
12757
12766
12761
12784
12800
12785
12798
12791
12802
12786
12806
12799
12812
12826
12828
12837
12818
12833
12838
12844
12829
12824
12805
12827
12817
12819
12845
12848
12836
12850
12810
12825
12822
12840
12890
12915
12962
12946
12993
13010
13011
13017
13007
13000
13018
13026
13032
13057
13053
13094
12966
12963
12903
12809
12804
12767
12747
12724
12736
12729
12741
12733
12740
12723
12717
12712
12675
12674
12688
12670
12671
12690
12678
12661
12655
12673
12693
12668
12659
12720
12731
12846
12773
12830
12765
12774
12631
12639
13615
95870
95873
95863
95855
95837
95830
95844
95838
95835
95832
95850
95849
95843
95834
95851
95857
95847
95862
95867
95887
95897
95914
95903
95884
95899
95891
95881
95892
95911
95917
95919
95922
95918
95933
95943
95954
95960
95973
95988
95970
95985
95972
95966
95975
95965
95949
95941
95963
95982
95997
96004
96006
96020
96001
96014
96015
96011
96005
96003
95990
95974
95984
95991
95983
96002
95987
95981
95967
95980
95959
95955
95938
95948
95961
95947
95951
95945
95953
95969
95950
95942
95932
95929
95912
95924
95936
95957
95958
95956
95962
95976
95994
95998
96016
96000
96009
96022
96037
96049
96051
96045
96041
96059
96074
96064
96048
96065
96050
96070
96089
96108
96111
96092
96102
96087
96103
96106
96104
96090
96098
96099
96095
96093
96100
96080
96069
96079
96077
96060
96066
96057
96043
96036
96021
96034
96053
96071
96088
96096
96094
96084
96073
96082
96067
96076
96072
96063
96081
96097
96101
96114
96113
96118
96121
96124
96141
96138
96145
96132
96150
96134
96139
96156
96174
96188
96175
96159
96168
96151
96158
96163
96161
96146
96126
96129
96137
96136
96142
96135
96125
96119
96123
96115
96130
96131
96120
96122
96128
96143
96160
96149
96165
96177
96182
96196
96191
96172
96189
96209
96193
96205
96194
96211
96218
96236
96246
96234
96247
96231
96249
96266
96256
96243
96233
96220
96230
96240
96253
96252
96261
96262
96248
96255
96251
96260
96258
96239
96224
96225
96222
96216
96206
96213
96212
96210
96192
96204
96185
96179
96187
96195
96184
96180
96169
96162
96166
96183
96198
96203
96219
96223
96221
96238
96214
96232
96241
96235
96229
96201
96178
96167
96154
96176
96155
96152
96170
96148
96153
96144
96171
96181
96197
96208
96217
96237
96259
96257
96274
96264
96270
96263
96267
96273
96292
96297
96289
96291
96301
96315
96302
96283
96278
96294
96307
96298
96317
96332
96344
96352
96339
96321
96335
96330
96338
96324
96320
96325
96340
96349
96367
96381
96371
96358
96357
96365
96360
96342
96353
96346
96334
96351
96333
96313
96331
96322
96305
96314
96323
96336
96355
96350
96348
96328
96327
96345
96363
96378
96375
96389
96384
96395
96377
96393
96410
96411
96430
96431
96450
96462
96473
96488
96497
96499
96516
96511
96505
96500
96480
96490
96491
96486
96469
96466
96448
96461
96479
96472
96483
96478
96465
96467
96484
96485
96494
96476
96492
96518
96536
96529
96542
96525
96561
96579
96583
96602
96615
96597
96585
96600
96616
96620
96623
96617
96632
96621
96637
96651
96644
96622
96628
96630
96625
96645
96648
96652
96646
96665
96676
96658
96681
96673
96695
96700
96717
96706
96699
96702
96747
96730
96723
96754
96737
96763
96776
96790
96780
96792
96805
96818
96834
96816
96832
96859
12980
12989
12990
12979
12991
13008
13002
13016
13015
12998
13003
12997
12987
12973
12982
12994
12984
12971
12981
12972
12976
12959
12948
12965
12985
12970
12957
12974
12964
12983
12968
12978
12975
12961
12958
12952
12934
12920
12921
12902
12913
12901
12918
12916
12908
12924
12939
12945
12944
12950
12933
12953
12947
12928
12910
12909
12912
12893
12877
12888
12883
12899
12894
12892
12881
12880
12878
12887
12879
12871
12860
12841
12835
12821
12834
12820
12813
12807
12823
12808
12816
12815
12801
12803
12811
12792
12794
12797
12781
12787
12778
12772
12758
12776
12780
12789
12790
12793
12783
12796
12779
12795
12814
12832
12852
12856
12847
12831
12849
12839
12854
12842
12858
12843
12861
12870
12885
12869
12872
12873
12859
12857
12875
12862
12851
12866
12882
12864
12863
12853
12865
12895
12907
12914
12911
12917
12926
12929
12941
12923
12927
12940
12942
12930
12943
12949
12955
12960
12937
12938
12954
12932
12935
12925
12905
12898
12886
12884
12896
12904
12891
12889
12874
12868
12855
12867
12876
12897
12906
12900
12922
12919
12931
12936
12951
12967
12956
12969
12977
12996
12995
13001
13004
13013
13023
13038
13034
13043
13047
13049
13044
13029
13028
13033
13048
13030
13019
13006
13012
12999
12988
12986
13005
13024
13040
13021
13027
13045
13059
13065
13054
13061
13062
13050
13067
13083
13090
13107
13126
13122
13138
13143
13130
13125
13112
13119
13111
13113
13109
13123
13105
13092
13082
13076
13074
13095
13080
13084
13081
13075
13069
13072
13068
13085
13078
13079
13093
13102
13118
13121
13106
13104
13108
13097
13086
13071
13087
13073
13088
13096
13091
13077
13063
13055
13051
13036
13039
13020
13014
13009
12992
13022
13031
13035
13037
13052
13070
13066
13064
13058
13042
13056
13046
13041
13060
13098
13114
13110
13117
13128
13147
13150
13159
13148
13166
13156
13160
13149
13137
13136
13132
13146
13140
13151
13167
13181
13188
13190
13193
13176
13194
13209
13200
13207
13216
13212
13222
13223
13235
13234
13215
13197
13187
13180
13175
13163
13182
13186
13198
13202
13185
13179
13173
13152
13141
13142
13144
13131
13124
13134
13127
13133
13139
13155
13145
13161
13174
13157
13178
13171
13164
13177
13165
13172
13158
13154
13153
13135
13129
13101
13089
13099
13116
13103
13100
13120
13115
13184
13168
13170
13162
13189
13191
13208
13196
13205
13210
13230
13225
13233
13227
13246
13237
13244
13250
13262
13275
13279
13292
13304
13309
13328
13342
13343
13336
13327
13317
13324
13315
13298
13284
13276
13287
13306
13311
13293
13291
13273
13269
13271
13289
13301
13308
13297
13290
13270
13257
13241
13240
13247
13232
13228
13213
13226
13214
13231
13239
13220
13238
13253
13242
13224
13206
13203
13219
13236
13218
13199
13192
13195
13204
13217
13201
13183
13169
13211
13243
13255
13256
13274
13254
13248
13259
13252
13266
13286
13277
13294
13281
13295
13303
13296
13305
13285
13288
13272
13267
13282
13299
13300
13316
13312
13325
13341
13339
13344
13359
13367
13345
13361
13378
13365
13349
13352
13350
13360
13346
13354
13372
13358
13340
13334
13332
13333
13329
13322
13318
13320
13335
13353
13338
13347
13356
13351
13374
13390
13375
13388
13381
13392
13376
13396
13389
13402
13416
13418
13427
13408
13423
13428
13434
13419
13414
13395
13417
13407
13409
13435
13438
13426
13440
13400
13415
13412
13430
13480
13505
13552
13536
13583
13600
13601
13607
13597
13590
13608
13616
13622
13647
13643
13684
13556
13553
13493
13399
13394
13357
13337
13314
13326
13319
13331
13323
13330
13313
13307
13302
13265
13264
13278
13260
13261
13280
13268
13251
13245
13263
13283
13258
13249
13310
13321
13436
13363
13420
13355
13364
13221
13229
14205
96460
96463
96453
96445
96427
96420
96434
96428
96425
96422
96440
96439
96433
96424
96441
96447
96437
96452
96457
96477
96487
96504
96493
96474
96489
96481
96471
96482
96501
96507
96509
96512
96508
96523
96533
96544
96550
96563
96578
96560
96575
96562
96556
96565
96555
96539
96531
96553
96572
96587
96594
96596
96610
96591
96604
96605
96601
96595
96593
96580
96564
96574
96581
96573
96592
96577
96571
96557
96570
96549
96545
96528
96538
96551
96537
96541
96535
96543
96559
96540
96532
96522
96519
96502
96514
96526
96547
96548
96546
96552
96566
96584
96588
96606
96590
96599
96612
96627
96639
96641
96635
96631
96649
96664
96654
96638
96655
96640
96660
96679
96698
96701
96682
96692
96677
96693
96696
96694
96680
96688
96689
96685
96683
96690
96670
96659
96669
96667
96650
96656
96647
96633
96626
96611
96624
96643
96661
96678
96686
96684
96674
96663
96672
96657
96666
96662
96653
96671
96687
96691
96704
96703
96708
96711
96714
96731
96728
96735
96722
96740
96724
96729
96746
96764
96778
96765
96749
96758
96741
96748
96753
96751
96736
96716
96719
96727
96726
96732
96725
96715
96709
96713
96705
96720
96721
96710
96712
96718
96733
96750
96739
96755
96767
96772
96786
96781
96762
96779
96799
96783
96795
96784
96801
96808
96826
96836
96824
96837
96821
96839
96856
96846
96833
96823
96810
96820
96830
96843
96842
96851
96852
96838
96845
96841
96850
96848
96829
96814
96815
96812
96806
96796
96803
96802
96800
96782
96794
96775
96769
96777
96785
96774
96770
96759
96752
96756
96773
96788
96793
96809
96813
96811
96828
96804
96822
96831
96825
96819
96791
96768
96757
96744
96766
96745
96742
96760
96738
96743
96734
96761
96771
96787
96798
96807
96827
96849
96847
96864
96854
96860
96853
96857
96863
96882
96887
96879
96881
96891
96905
96892
96873
96868
96884
96897
96888
96907
96922
96934
96942
96929
96911
96925
96920
96928
96914
96910
96915
96930
96939
96957
96971
96961
96948
96947
96955
96950
96932
96943
96936
96924
96941
96923
96903
96921
96912
96895
96904
96913
96926
96945
96940
96938
96918
96917
96935
96953
96968
96965
96979
96974
96985
96967
96983
97000
97001
97020
97021
97040
97052
97063
97078
97087
97089
97106
97101
97095
97090
97070
97080
97081
97076
97059
97056
97038
97051
97069
97062
97073
97068
97055
97057
97074
97075
97084
97066
97082
97108
97126
97119
97132
97115
97151
97169
97173
97192
97205
97187
97175
97190
97206
97210
97213
97207
97222
97211
97227
97241
97234
97212
97218
97220
97215
97235
97238
97242
97236
97255
97266
97248
97271
97263
97285
97290
97307
97296
97289
97292
97337
97320
97313
97344
97327
97353
97366
97380
97370
97382
97395
97408
97424
97406
97422
97449
13570
13579
13580
13569
13581
13598
13592
13606
13605
13588
13593
13587
13577
13563
13572
13584
13574
13561
13571
13562
13566
13549
13538
13555
13575
13560
13547
13564
13554
13573
13558
13568
13565
13551
13548
13542
13524
13510
13511
13492
13503
13491
13508
13506
13498
13514
13529
13535
13534
13540
13523
13543
13537
13518
13500
13499
13502
13483
13467
13478
13473
13489
13484
13482
13471
13470
13468
13477
13469
13461
13450
13431
13425
13411
13424
13410
13403
13397
13413
13398
13406
13405
13391
13393
13401
13382
13384
13387
13371
13377
13368
13362
13348
13366
13370
13379
13380
13383
13373
13386
13369
13385
13404
13422
13442
13446
13437
13421
13439
13429
13444
13432
13448
13433
13451
13460
13475
13459
13462
13463
13449
13447
13465
13452
13441
13456
13472
13454
13453
13443
13455
13485
13497
13504
13501
13507
13516
13519
13531
13513
13517
13530
13532
13520
13533
13539
13545
13550
13527
13528
13544
13522
13525
13515
13495
13488
13476
13474
13486
13494
13481
13479
13464
13458
13445
13457
13466
13487
13496
13490
13512
13509
13521
13526
13541
13557
13546
13559
13567
13586
13585
13591
13594
13603
13613
13628
13624
13633
13637
13639
13634
13619
13618
13623
13638
13620
13609
13596
13602
13589
13578
13576
13595
13614
13630
13611
13617
13635
13649
13655
13644
13651
13652
13640
13657
13673
13680
13697
13716
13712
13728
13733
13720
13715
13702
13709
13701
13703
13699
13713
13695
13682
13672
13666
13664
13685
13670
13674
13671
13665
13659
13662
13658
13675
13668
13669
13683
13692
13708
13711
13696
13694
13698
13687
13676
13661
13677
13663
13678
13686
13681
13667
13653
13645
13641
13626
13629
13610
13604
13599
13582
13612
13621
13625
13627
13642
13660
13656
13654
13648
13632
13646
13636
13631
13650
13688
13704
13700
13707
13718
13737
13740
13749
13738
13756
13746
13750
13739
13727
13726
13722
13736
13730
13741
13757
13771
13778
13780
13783
13766
13784
13799
13790
13797
13806
13802
13812
13813
13825
13824
13805
13787
13777
13770
13765
13753
13772
13776
13788
13792
13775
13769
13763
13742
13731
13732
13734
13721
13714
13724
13717
13723
13729
13745
13735
13751
13764
13747
13768
13761
13754
13767
13755
13762
13748
13744
13743
13725
13719
13691
13679
13689
13706
13693
13690
13710
13705
13774
13758
13760
13752
13779
13781
13798
13786
13795
13800
13820
13815
13823
13817
13836
13827
13834
13840
13852
13865
13869
13882
13894
13899
13918
13932
13933
13926
13917
13907
13914
13905
13888
13874
13866
13877
13896
13901
13883
13881
13863
13859
13861
13879
13891
13898
13887
13880
13860
13847
13831
13830
13837
13822
13818
13803
13816
13804
13821
13829
13810
13828
13843
13832
13814
13796
13793
13809
13826
13808
13789
13782
13785
13794
13807
13791
13773
13759
13801
13833
13845
13846
13864
13844
13838
13849
13842
13856
13876
13867
13884
13871
13885
13893
13886
13895
13875
13878
13862
13857
13872
13889
13890
13906
13902
13915
13931
13929
13934
13949
13957
13935
13951
13968
13955
13939
13942
13940
13950
13936
13944
13962
13948
13930
13924
13922
13923
13919
13912
13908
13910
13925
13943
13928
13937
13946
13941
13964
13980
13965
13978
13971
13982
13966
13986
13979
13992
14006
14008
14017
13998
14013
14018
14024
14009
14004
13985
14007
13997
13999
14025
14028
14016
14030
13990
14005
14002
14020
14070
14095
14142
14126
14173
14190
14191
14197
14187
14180
14198
14206
14212
14237
14233
14274
14146
14143
14083
13989
13984
13947
13927
13904
13916
13909
13921
13913
13920
13903
13897
13892
13855
13854
13868
13850
13851
13870
13858
13841
13835
13853
13873
13848
13839
13900
13911
14026
13953
14010
13945
13954
13811
13819
14795
97050
97053
97043
97035
97017
97010
97024
97018
97015
97012
97030
97029
97023
97014
97031
97037
97027
97042
97047
97067
97077
97094
97083
97064
97079
97071
97061
97072
97091
97097
97099
97102
97098
97113
97123
97134
97140
97153
97168
97150
97165
97152
97146
97155
97145
97129
97121
97143
97162
97177
97184
97186
97200
97181
97194
97195
97191
97185
97183
97170
97154
97164
97171
97163
97182
97167
97161
97147
97160
97139
97135
97118
97128
97141
97127
97131
97125
97133
97149
97130
97122
97112
97109
97092
97104
97116
97137
97138
97136
97142
97156
97174
97178
97196
97180
97189
97202
97217
97229
97231
97225
97221
97239
97254
97244
97228
97245
97230
97250
97269
97288
97291
97272
97282
97267
97283
97286
97284
97270
97278
97279
97275
97273
97280
97260
97249
97259
97257
97240
97246
97237
97223
97216
97201
97214
97233
97251
97268
97276
97274
97264
97253
97262
97247
97256
97252
97243
97261
97277
97281
97294
97293
97298
97301
97304
97321
97318
97325
97312
97330
97314
97319
97336
97354
97368
97355
97339
97348
97331
97338
97343
97341
97326
97306
97309
97317
97316
97322
97315
97305
97299
97303
97295
97310
97311
97300
97302
97308
97323
97340
97329
97345
97357
97362
97376
97371
97352
97369
97389
97373
97385
97374
97391
97398
97416
97426
97414
97427
97411
97429
97446
97436
97423
97413
97400
97410
97420
97433
97432
97441
97442
97428
97435
97431
97440
97438
97419
97404
97405
97402
97396
97386
97393
97392
97390
97372
97384
97365
97359
97367
97375
97364
97360
97349
97342
97346
97363
97378
97383
97399
97403
97401
97418
97394
97412
97421
97415
97409
97381
97358
97347
97334
97356
97335
97332
97350
97328
97333
97324
97351
97361
97377
97388
97397
97417
97439
97437
97454
97444
97450
97443
97447
97453
97472
97477
97469
97471
97481
97495
97482
97463
97458
97474
97487
97478
97497
97512
97524
97532
97519
97501
97515
97510
97518
97504
97500
97505
97520
97529
97547
97561
97551
97538
97537
97545
97540
97522
97533
97526
97514
97531
97513
97493
97511
97502
97485
97494
97503
97516
97535
97530
97528
97508
97507
97525
97543
97558
97555
97569
97564
97575
97557
97573
97590
97591
97610
97611
97630
97642
97653
97668
97677
97679
97696
97691
97685
97680
97660
97670
97671
97666
97649
97646
97628
97641
97659
97652
97663
97658
97645
97647
97664
97665
97674
97656
97672
97698
97716
97709
97722
97705
97741
97759
97763
97782
97795
97777
97765
97780
97796
97800
97803
97797
97812
97801
97817
97831
97824
97802
97808
97810
97805
97825
97828
97832
97826
97845
97856
97838
97861
97853
97875
97880
97897
97886
97879
97882
97927
97910
97903
97934
97917
97943
97956
97970
97960
97972
97985
97998
98014
97996
98012
98039
14160
14169
14170
14159
14171
14188
14182
14196
14195
14178
14183
14177
14167
14153
14162
14174
14164
14151
14161
14152
14156
14139
14128
14145
14165
14150
14137
14154
14144
14163
14148
14158
14155
14141
14138
14132
14114
14100
14101
14082
14093
14081
14098
14096
14088
14104
14119
14125
14124
14130
14113
14133
14127
14108
14090
14089
14092
14073
14057
14068
14063
14079
14074
14072
14061
14060
14058
14067
14059
14051
14040
14021
14015
14001
14014
14000
13993
13987
14003
13988
13996
13995
13981
13983
13991
13972
13974
13977
13961
13967
13958
13952
13938
13956
13960
13969
13970
13973
13963
13976
13959
13975
13994
14012
14032
14036
14027
14011
14029
14019
14034
14022
14038
14023
14041
14050
14065
14049
14052
14053
14039
14037
14055
14042
14031
14046
14062